id1,id2,value
344,289,0.102778
344,312,0.0709076
344,349,0.0525267
344,373,0.0510259
344,2330,0.0466809
344,59,0.0423472
344,300,0.0408719
344,348,0.0384872
344,717,0.037506
344,736,0.0334489
345,242,0.323109
345,737,0.202993
345,367,0.168202
345,632,0.160878
345,223,0.148024
345,482,0.102
345,1894,0.0833934
345,259,0.0702465
345,658,0.0594843
345,77,0.0545005
346,495,0.100326
346,1975,0.0530396
346,1117,0.0429442
346,57,0.0414836
346,342,0.0358755
346,481,0.0339584
346,8,0.0280698
346,584,0.0268647
346,1118,0.025705
346,357,0.0212233
347,13,0.246798
347,223,0.222211
347,96,0.1522
347,467,0.145791
347,294,0.111097
347,215,0.103672
347,3067,0.0966254
347,292,0.0887606
347,310,0.0808412
347,630,0.0784775
340,737,0.142969
340,380,0.134873
340,2026,0.101476
340,1117,0.0977114
340,306,0.0964649
340,603,0.0955858
340,607,0.0902948
340,321,0.0900005
340,78,0.0883217
340,21,0.0821517
341,39,0.16848
341,370,0.101451
341,720,0.0885674
341,301,0.0833425
341,561,0.0819897
341,583,0.0717149
341,2345,0.0695188
341,242,0.068534
341,88,0.0613182
341,367,0.0609718
342,706,0.169998
342,481,0.133527
342,192,0.112607
342,86,0.110969
342,371,0.087386
342,328,0.0864978
342,1,0.0847154
342,68,0.0843988
342,323,0.0829236
342,708,0.0800132
343,483,0.281197
343,553,0.275504
343,494,0.123985
343,374,0.10801
343,296,0.0903371
343,2129,0.0755665
343,351,0.0575401
343,46,0.0567804
343,1691,0.0554359
343,318,0.0538081
348,601,0.223182
348,382,0.151229
348,380,0.150836
348,328,0.110531
348,1127,0.108755
348,658,0.105959
348,379,0.105013
348,351,0.0760254
348,5,0.0736065
348,1396,0.0717172
349,286,0.179266
349,713,0.176484
349,1376,0.171354
349,672,0.15637
349,602,0.134207
349,719,0.131644
349,642,0.101065
349,725,0.100993
349,49,0.0870188
349,278,0.085912
719,713,0.330182
719,286,0.211101
719,349,0.131644
719,244,0.12549
719,602,0.104626
719,255,0.102007
719,712,0.101772
719,366,0.0996401
719,698,0.093683
719,604,0.0936187
717,720,0.140963
717,603,0.13028
717,308,0.127537
717,2345,0.113312
717,299,0.109507
717,242,0.109313
717,305,0.0976942
717,367,0.0892558
717,339,0.0887903
717,88,0.0832209
714,1894,0.214447
714,1376,0.113408
714,493,0.09817
714,606,0.0807247
714,682,0.062384
714,719,0.0621626
714,59,0.0516231
714,605,0.0503846
714,712,0.0495314
714,349,0.0469426
713,719,0.330182
713,286,0.253246
713,349,0.176484
713,2001,0.169706
713,712,0.10058
713,1376,0.0944993
713,317,0.0557428
713,287,0.0453591
713,604,0.0444844
713,181,0.0426345
712,148,0.228164
712,6,0.130695
712,253,0.118024
712,719,0.101772
712,713,0.10058
712,286,0.0903254
712,84,0.0719072
712,266,0.0658264
712,710,0.0577177
712,349,0.0550991
711,1376,0.115146
711,258,0.0934798
711,2183,0.0904569
711,672,0.0815373
711,605,0.0703283
711,710,0.064544
711,176,0.0584096
711,95,0.0565843
711,554,0.0549543
711,342,0.0513993
710,672,0.339468
710,246,0.207658
710,176,0.10066
710,286,0.0875513
710,356,0.0709917
710,719,0.0680394
710,556,0.0646266
710,711,0.064544
710,255,0.0605937
710,38,0.059804
298,553,0.156493
298,85,0.130302
298,70,0.128878
298,554,0.127535
298,259,0.126303
298,675,0.123246
298,582,0.121453
298,296,0.113797
298,375,0.100765
298,367,0.0877465
299,308,0.267072
299,640,0.18685
299,351,0.135991
299,717,0.109507
299,58,0.0992432
299,495,0.0916237
299,665,0.0911445
299,70,0.077954
299,18,0.0700197
299,625,0.0698287
296,553,0.182356
296,554,0.17008
296,367,0.117911
296,298,0.113797
296,98,0.107232
296,343,0.0903371
296,104,0.0899833
296,319,0.0898429
296,46,0.0873646
296,371,0.0739269
297,367,0.094316
297,7,0.0728442
297,624,0.0694857
297,52,0.0652455
297,362,0.0646204
297,255,0.0613051
297,317,0.0596569
297,264,0.0560372
297,559,0.0514247
297,274,0.0500226
294,96,0.389213
294,467,0.249531
294,292,0.19858
294,45,0.158191
294,10,0.121295
294,223,0.117645
294,347,0.111097
294,285,0.100467
294,2345,0.0984292
294,11,0.0928345
295,292,0.17152
295,242,0.140716
295,1397,0.114471
295,165,0.0804372
295,2026,0.0744794
295,308,0.0744539
295,271,0.0743091
295,267,0.0605465
295,45,0.059137
295,223,0.0587865
292,96,0.262508
292,294,0.19858
292,308,0.192806
292,642,0.1848
292,467,0.179535
292,45,0.174074
292,295,0.17152
292,223,0.163202
292,2714,0.150195
292,1485,0.145409
293,29,0.0935498
293,492,0.0844142
293,16,0.0558141
293,584,0.0480633
293,67,0.0476862
293,2329,0.0466025
293,79,0.0456438
293,333,0.0412718
293,378,0.0373767
293,20,0.0360522
290,550,0.360754
290,259,0.147372
290,184,0.140518
290,658,0.13742
290,85,0.123941
290,675,0.115375
290,497,0.0966948
290,665,0.0954886
290,1889,0.0916796
290,70,0.0887145
291,492,0.113021
291,504,0.110926
291,474,0.0855226
291,727,0.0745369
291,16,0.0640769
291,61,0.0624952
291,586,0.0570789
291,2129,0.0543415
291,88,0.0503272
291,694,0.0483308
599,125,0.183754
599,153,0.167694
599,2,0.164946
599,625,0.133989
599,35,0.118435
599,551,0.0894267
599,2136,0.0871283
599,377,0.0732989
599,57,0.0647053
599,323,0.0611879
598,487,0.216683
598,83,0.150171
598,355,0.100067
598,306,0.0833038
598,52,0.0829564
598,337,0.0731263
598,286,0.0729228
598,305,0.0649626
598,67,0.0641082
598,720,0.0444848
1122,86,0.0755938
1122,62,0.0754554
1122,259,0.0728251
1122,87,0.0675957
1122,481,0.0631995
1122,166,0.0597869
1122,33,0.0574108
1122,95,0.0535766
1122,16,0.052949
1122,72,0.0524311
191,482,0.0603295
191,287,0.058651
191,311,0.0395007
191,49,0.0370381
191,288,0.0363204
191,332,0.0290393
191,75,0.0276327
191,54,0.0241961
191,497,0.0235943
191,674,0.022295
193,361,0.122319
193,25,0.110894
193,326,0.101388
193,26,0.0807626
193,271,0.0713002
193,107,0.0581232
193,60,0.0579574
193,20,0.0493729
193,650,0.0432499
193,327,0.0379151
192,706,0.214704
192,8,0.181342
192,331,0.155739
192,86,0.147323
192,342,0.112607
192,472,0.0943435
192,701,0.092605
192,24,0.0820488
192,266,0.0768843
192,318,0.0756581
271,317,0.141726
271,322,0.123725
271,36,0.108931
271,3067,0.107121
271,605,0.1003
271,284,0.0931715
271,44,0.0786283
271,180,0.0753113
271,295,0.0743091
271,193,0.0713002
272,9,0.3453
272,479,0.132924
272,1889,0.118203
272,468,0.105436
272,166,0.102574
272,490,0.101093
272,90,0.095383
272,80,0.0915001
272,369,0.0875077
272,335,0.0838367
274,264,0.127476
274,362,0.107374
274,285,0.0942069
274,471,0.0923579
274,333,0.0697719
274,353,0.0583153
274,118,0.056147
274,299,0.054114
274,1975,0.0523972
274,485,0.0512962
275,379,0.151621
275,276,0.141085
275,200,0.124693
275,72,0.117026
275,63,0.117025
275,77,0.113185
275,361,0.109582
275,483,0.102087
275,259,0.0944578
275,281,0.0925988
276,189,0.168021
276,256,0.144445
276,275,0.141085
276,279,0.125777
276,305,0.120984
276,96,0.118126
276,483,0.11225
276,322,0.110355
276,72,0.103851
276,25,0.0976511
277,50,0.248881
277,472,0.132551
277,54,0.118498
277,75,0.115992
277,8,0.107615
277,728,0.0926106
277,280,0.0499931
277,722,0.0475458
277,306,0.0375441
277,255,0.0357285
278,49,0.172086
278,64,0.124639
278,658,0.120523
278,497,0.106333
278,267,0.0894379
278,349,0.085912
278,642,0.0761217
278,290,0.069498
278,286,0.0667984
278,119,0.0601205
279,189,0.361694
279,600,0.310045
279,501,0.251752
279,485,0.144097
279,276,0.125777
279,96,0.119752
279,309,0.0857639
279,223,0.0777188
279,305,0.0763716
279,561,0.0709346
102,80,0.168659
102,46,0.147172
102,39,0.141829
102,72,0.135709
102,104,0.129331
102,77,0.120343
102,180,0.118409
102,561,0.115748
102,189,0.0956944
102,589,0.093856
101,180,0.203467
101,98,0.170009
101,104,0.158129
101,1160,0.111963
101,496,0.111096
101,51,0.108535
101,135,0.100397
101,85,0.0907787
101,125,0.0823973
101,322,0.0695573
107,26,0.169575
107,20,0.160944
107,37,0.150543
107,180,0.147585
107,650,0.103664
107,284,0.094307
107,102,0.083847
107,104,0.0832318
107,98,0.0776086
107,271,0.0702149
104,180,0.361184
104,700,0.268628
104,101,0.158129
104,72,0.157168
104,57,0.138829
104,98,0.138507
104,102,0.129331
104,371,0.112269
104,96,0.110139
104,125,0.109238
39,561,0.243745
39,2345,0.193247
39,304,0.19258
39,352,0.178419
39,341,0.16848
39,102,0.141829
39,32,0.131172
39,665,0.121485
39,119,0.0966974
39,78,0.0858788
38,472,0.236587
38,331,0.218961
38,176,0.214585
38,314,0.199242
38,318,0.1981
38,122,0.196411
38,64,0.190022
38,332,0.172454
38,682,0.149595
38,707,0.141789
33,259,0.116185
33,28,0.0780379
33,27,0.0757896
33,283,0.0629974
33,282,0.0574693
33,1122,0.0574108
33,320,0.0568987
33,280,0.0509381
33,728,0.0492238
33,176,0.0459931
32,286,0.200053
32,39,0.131172
32,561,0.0844787
32,606,0.0835732
32,2345,0.0829308
32,605,0.0814753
32,102,0.0777976
32,56,0.0640973
32,46,0.0626733
32,362,0.0587114
31,13,0.0883896
31,2345,0.083719
31,296,0.07093
31,502,0.0663359
31,319,0.0647915
31,624,0.0616535
31,125,0.0600813
31,12,0.0586965
31,587,0.056931
31,731,0.0553323
30,37,0.245522
30,63,0.107263
30,620,0.0892618
30,360,0.0758041
30,625,0.0705271
30,469,0.0661573
30,60,0.0647838
30,316,0.0636494
30,305,0.0544222
30,664,0.0523309
37,30,0.245522
37,650,0.169387
37,301,0.166751
37,107,0.150543
37,665,0.150396
37,63,0.120611
37,28,0.117651
37,282,0.111159
37,76,0.108055
37,286,0.0929424
36,355,0.115841
36,271,0.108931
36,583,0.103506
36,21,0.0943625
36,339,0.0745043
36,2714,0.0720395
36,165,0.0661718
36,641,0.0658056
36,720,0.0655285
36,361,0.0593325
35,551,0.217429
35,587,0.122589
35,599,0.118435
35,63,0.0893142
35,2,0.0862032
35,309,0.0817968
35,88,0.069354
35,47,0.0608446
35,275,0.0534223
35,85,0.0525101
34,500,0.188416
34,305,0.182518
34,307,0.111726
34,248,0.0998698
34,267,0.0881863
34,223,0.0783757
34,83,0.073133
34,355,0.0676213
34,489,0.0638025
34,72,0.0635265
641,67,0.111186
641,27,0.0886865
641,550,0.0881589
641,47,0.0875152
641,706,0.0854902
641,125,0.0796209
641,331,0.0746465
641,476,0.0715097
641,722,0.069952
641,24,0.0676001
640,299,0.18685
640,554,0.10586
640,479,0.102675
640,54,0.0701347
640,486,0.0580617
640,499,0.0499836
640,719,0.0462385
640,711,0.0420207
640,622,0.0411953
640,495,0.0389247
642,292,0.1848
642,253,0.136346
642,1485,0.121809
642,258,0.121713
642,349,0.101065
642,672,0.0920101
642,49,0.0886188
642,50,0.0777338
642,278,0.0761217
642,286,0.0737439
339,125,0.182785
339,585,0.0912504
339,2,0.0897001
339,717,0.0887903
339,59,0.0746151
339,36,0.0745043
339,62,0.0646526
339,625,0.0516411
339,696,0.049937
339,1157,0.0495718
338,27,0.119555
338,58,0.111551
338,469,0.0675209
338,280,0.0632938
338,320,0.0593844
338,1118,0.0581701
338,599,0.0333187
338,316,0.0297461
338,76,0.0272959
338,321,0.0272053
335,14,0.221639
335,471,0.193822
335,604,0.157928
335,55,0.116939
335,69,0.10687
335,489,0.0900922
335,272,0.0838367
335,64,0.0792552
335,1119,0.0748615
335,89,0.0646686
334,166,0.185142
334,41,0.125707
334,38,0.120723
334,323,0.0808496
334,730,0.0676511
334,1894,0.0649486
334,272,0.0610011
334,380,0.0602949
334,707,0.0589333
334,1396,0.0585685
337,487,0.364334
337,83,0.133764
337,500,0.119617
337,665,0.1139
337,43,0.0972814
337,373,0.0758882
337,598,0.0731263
337,502,0.0715859
337,556,0.061145
337,42,0.0600251
336,22,0.246007
336,135,0.110716
336,26,0.103168
336,184,0.0739561
336,29,0.064886
336,499,0.0634624
336,302,0.0601235
336,557,0.0598781
336,363,0.0578329
336,101,0.0561776
331,472,0.353112
331,318,0.315941
331,64,0.309194
331,24,0.29207
331,682,0.260412
331,122,0.25922
331,176,0.248515
331,332,0.223638
331,38,0.218961
331,192,0.155739
333,301,0.132664
333,362,0.126992
333,1394,0.115863
333,264,0.112895
333,70,0.100132
333,1397,0.0962019
333,27,0.0914444
333,467,0.0874913
333,88,0.0820259
333,707,0.0794428
332,472,0.286825
332,64,0.231657
332,318,0.230421
332,331,0.223638
332,176,0.187771
332,122,0.17426
332,38,0.172454
332,682,0.154036
332,49,0.132076
332,314,0.115876
6,253,0.207351
6,698,0.173244
6,602,0.148344
6,712,0.130695
6,486,0.10094
6,321,0.0976648
6,658,0.0877748
6,601,0.0745865
6,1118,0.066985
6,350,0.0657005
98,101,0.170009
98,53,0.168641
98,559,0.165086
98,104,0.138507
98,180,0.132382
98,4,0.128208
98,296,0.107232
98,96,0.105386
98,256,0.103882
98,554,0.0967436
91,589,0.0980241
91,705,0.0618187
91,499,0.0581455
91,165,0.0406097
91,307,0.0340976
91,258,0.0337613
91,380,0.032865
91,102,0.0322426
91,465,0.0316743
91,80,0.0304485
90,561,0.192153
90,46,0.12457
90,5,0.118622
90,69,0.117443
90,586,0.112872
90,272,0.095383
90,96,0.0846232
90,98,0.0812844
90,102,0.0772283
90,63,0.071685
92,37,0.0894169
92,244,0.0779317
92,89,0.067825
92,88,0.0655263
92,665,0.0633509
92,2,0.061461
92,720,0.0608282
92,1118,0.0574951
92,599,0.0545037
92,263,0.0517954
95,162,0.232631
95,246,0.140115
95,585,0.127935
95,69,0.0991935
95,176,0.085439
95,2183,0.0749997
95,64,0.0671378
95,711,0.0565843
95,1122,0.0535766
95,2329,0.0529287
96,294,0.389213
96,467,0.33292
96,292,0.262508
96,45,0.219306
96,223,0.181042
96,256,0.178058
96,72,0.165489
96,347,0.1522
96,600,0.146193
96,152,0.14603
740,478,0.204956
740,16,0.0786435
740,55,0.075064
740,67,0.0377345
740,605,0.0359657
740,347,0.0342322
740,632,0.0336629
740,708,0.0326074
740,622,0.0322035
740,43,0.0306899
559,200,0.19969
559,485,0.195798
559,98,0.165086
559,53,0.0913082
559,16,0.0724329
559,310,0.0645043
559,378,0.0633746
559,554,0.0569052
559,701,0.0517325
559,297,0.0514247
555,361,0.134966
555,83,0.0954358
555,651,0.0925316
555,2330,0.0844872
555,358,0.08069
555,39,0.0792427
555,372,0.0765845
555,281,0.0696933
555,665,0.0588242
555,307,0.0528479
554,53,0.22158
554,367,0.207796
554,296,0.17008
554,724,0.137534
554,553,0.135595
554,298,0.127535
554,319,0.10662
554,640,0.10586
554,98,0.0967436
554,602,0.0946319
557,66,0.105562
557,665,0.0939077
557,76,0.0875832
557,1380,0.087318
557,282,0.0845965
557,1691,0.0660729
557,336,0.0598781
557,16,0.0509004
557,492,0.047873
557,299,0.0439062
556,43,0.226511
556,363,0.109036
556,44,0.0811293
556,476,0.0732077
556,300,0.0707683
556,320,0.0689977
556,69,0.0672481
556,56,0.0661266
556,552,0.0653907
556,710,0.0646266
551,2,0.231389
551,57,0.229735
551,35,0.217429
551,720,0.15221
551,47,0.12748
551,44,0.0971797
551,599,0.0894267
551,244,0.0855573
551,88,0.0852449
551,125,0.0799549
550,290,0.360754
550,1889,0.142127
550,1691,0.0999233
550,731,0.0993847
550,104,0.0961197
550,309,0.0954191
550,467,0.0917594
550,641,0.0881589
550,1397,0.0867888
550,150,0.0840974
553,343,0.275504
553,296,0.182356
553,298,0.156493
553,554,0.135595
553,1474,0.107528
553,65,0.105217
553,367,0.0972261
553,53,0.0939618
553,722,0.0919658
553,14,0.0781232
552,215,0.147699
552,377,0.0709961
552,604,0.0702784
552,556,0.0653907
552,320,0.0587035
552,9,0.0558819
552,502,0.0550416
552,498,0.0549719
552,367,0.0512049
552,363,0.0509507
3067,271,0.107121
3067,347,0.0966254
3067,64,0.0677499
3067,80,0.0656251
3067,2026,0.0651794
3067,85,0.0583966
3067,361,0.0576382
3067,606,0.0459752
3067,351,0.0427092
3067,38,0.0357563
2345,39,0.193247
2345,10,0.148173
2345,717,0.113312
2345,285,0.111579
2345,561,0.110997
2345,215,0.102925
2345,294,0.0984292
2345,352,0.0978871
2345,102,0.0920982
2345,31,0.083719
1,68,0.138713
1,331,0.125753
1,323,0.123371
1,24,0.120564
1,75,0.113403
1,342,0.0847154
1,16,0.0788709
1,50,0.073183
1,586,0.0691636
1,706,0.0673836
1691,1396,0.16517
1691,632,0.108479
1691,550,0.0999233
1691,5,0.0878002
1691,2001,0.0815454
1691,475,0.0798228
1691,482,0.0706923
1691,300,0.0699107
1691,364,0.0663843
1691,557,0.0660729
155,148,0.185978
155,682,0.172256
155,605,0.159576
155,2183,0.104208
155,253,0.0906646
155,176,0.087201
155,246,0.0775719
155,122,0.0726432
155,474,0.0613303
155,162,0.057075
148,712,0.228164
148,155,0.185978
148,266,0.132373
148,122,0.122147
148,162,0.120971
148,366,0.107815
148,1376,0.105362
148,725,0.0978121
148,2069,0.077735
148,55,0.0634326
1889,9,0.253136
1889,663,0.145622
1889,550,0.142127
1889,272,0.118203
1889,479,0.113825
1889,290,0.0916796
1889,738,0.0685194
1889,1160,0.0685128
1889,104,0.062756
1889,1116,0.0534616
2129,494,0.138769
2129,292,0.0988747
2129,694,0.09544
2129,343,0.0755665
2129,29,0.0725218
2129,258,0.0721467
2129,45,0.0679999
2129,492,0.06555
2129,351,0.0624765
2129,468,0.0612472
1473,59,0.205313
1473,14,0.152916
1473,259,0.11231
1473,675,0.106511
1473,586,0.0944958
1473,85,0.0940515
1473,70,0.0903253
1473,729,0.0837656
1473,582,0.0790579
1473,333,0.0770108
1474,502,0.24686
1474,587,0.171281
1474,83,0.156114
1474,76,0.150164
1474,493,0.137242
1474,735,0.132821
1474,553,0.107528
1474,606,0.0989637
1474,1117,0.0924549
1474,675,0.0913329
680,476,0.337675
680,724,0.131979
680,285,0.107209
680,631,0.0927828
680,1162,0.0912276
680,641,0.0611823
680,604,0.0602115
680,315,0.0594465
680,1485,0.0509482
680,317,0.0494192
682,331,0.260412
682,176,0.244004
682,472,0.241896
682,64,0.209123
682,318,0.207896
682,122,0.177949
682,155,0.172256
682,332,0.154036
682,38,0.149595
682,71,0.135971
2714,292,0.150195
2714,36,0.0720395
2714,16,0.0658325
2714,381,0.0623218
2714,583,0.0568242
2714,642,0.0509157
2714,491,0.0496577
2714,271,0.0466968
2714,1485,0.042824
2714,308,0.0416271
498,730,0.0777715
498,317,0.073229
498,501,0.0692258
498,552,0.0549719
498,311,0.0542055
498,107,0.0490456
498,155,0.0484002
498,2136,0.0457013
498,676,0.0454608
498,382,0.0447609
499,27,0.474316
499,302,0.258051
499,382,0.195786
499,316,0.152429
499,1120,0.136741
499,378,0.120598
499,705,0.113739
499,1397,0.107909
499,69,0.0737132
499,349,0.0712941
135,587,0.150444
135,488,0.140766
135,51,0.117074
135,336,0.110716
135,101,0.100397
135,47,0.0971738
135,267,0.0863294
135,705,0.0848496
135,467,0.0757148
135,632,0.0736592
494,2129,0.138769
494,1398,0.126432
494,343,0.123985
494,486,0.0804926
494,703,0.0785856
494,26,0.0758917
494,75,0.0548048
494,2329,0.0463693
494,45,0.0448213
494,622,0.0435181
495,263,0.135932
495,377,0.124041
495,346,0.100326
495,308,0.0999187
495,162,0.092025
495,299,0.0916237
495,71,0.0911237
495,246,0.0879263
495,551,0.0736015
495,76,0.0712523
496,101,0.111096
496,298,0.0562386
496,254,0.0551396
496,554,0.0472851
496,259,0.0436857
496,70,0.0424246
496,98,0.0417105
496,553,0.04037
496,601,0.0399831
496,180,0.037323
497,658,0.164615
497,278,0.106333
497,290,0.0966948
497,311,0.0856893
497,1397,0.0827654
497,119,0.0822702
497,10,0.0793323
497,9,0.0788887
497,490,0.077049
497,382,0.0739274
490,150,0.206158
490,9,0.160475
490,272,0.101093
490,372,0.0970905
490,2001,0.0928825
490,587,0.0922061
490,502,0.0892389
490,735,0.0853336
490,658,0.0843446
490,620,0.080263
491,624,0.223518
491,313,0.140847
491,139,0.12949
491,475,0.117353
491,729,0.0930358
491,468,0.061029
491,78,0.05834
491,1474,0.0582324
491,150,0.0564829
491,181,0.0543781
492,291,0.113021
492,694,0.0980758
492,293,0.0844142
492,488,0.0760241
492,135,0.0689225
492,2129,0.06555
492,335,0.0635932
492,189,0.0565887
492,561,0.0527484
492,166,0.0513698
493,55,0.15693
493,89,0.156738
493,502,0.147065
493,1474,0.137242
493,735,0.136014
493,587,0.115647
493,76,0.0990491
493,83,0.098752
493,714,0.09817
493,482,0.0970628
24,331,0.29207
24,721,0.133074
24,3,0.124452
24,1,0.120564
24,706,0.120442
24,326,0.114861
24,12,0.105964
24,180,0.105354
24,703,0.0912871
24,184,0.0880345
25,72,0.37025
25,256,0.216401
25,64,0.176166
25,281,0.170737
25,193,0.110894
25,152,0.103249
25,326,0.102789
25,276,0.0976511
25,49,0.0967406
25,96,0.0928856
26,107,0.169575
26,20,0.110458
26,336,0.103168
26,60,0.0869721
26,193,0.0807626
26,494,0.0758917
26,327,0.0744453
26,361,0.0661778
26,335,0.0627596
26,180,0.062751
27,499,0.474316
27,302,0.397156
27,382,0.296605
27,316,0.268514
27,1120,0.213473
27,1397,0.132204
27,338,0.119555
27,476,0.116174
27,184,0.106468
27,378,0.0932529
20,702,0.348341
20,21,0.204244
20,46,0.200331
20,180,0.170335
20,312,0.161527
20,107,0.160944
20,1117,0.129182
20,85,0.124151
20,26,0.110458
20,60,0.106053
21,1117,0.428089
21,474,0.24212
21,20,0.204244
21,60,0.195633
21,18,0.153939
21,70,0.138856
21,728,0.126134
21,36,0.0943625
21,52,0.0912336
21,340,0.0821517
22,336,0.246007
22,363,0.14205
22,1380,0.0596579
22,14,0.0540219
22,44,0.0438078
22,365,0.0412479
22,63,0.0353196
22,184,0.028677
22,29,0.024937
22,66,0.0246344
23,707,0.148434
23,59,0.140402
23,259,0.125125
23,675,0.121583
23,85,0.10919
23,70,0.103615
23,702,0.0972056
23,582,0.0933787
23,275,0.0910826
23,561,0.067889
28,357,0.243921
28,63,0.139941
28,325,0.131083
28,37,0.117651
28,44,0.0930128
28,358,0.0901979
28,381,0.0816341
28,33,0.0780379
28,302,0.0722495
28,377,0.0712734
29,184,0.161261
29,293,0.0935498
29,2129,0.0725218
29,336,0.064886
29,666,0.0520944
29,370,0.0467994
29,26,0.0456478
29,44,0.0417558
29,101,0.0378348
29,65,0.0376977
1376,349,0.171354
1376,605,0.163332
1376,602,0.117935
1376,711,0.115146
1376,714,0.113408
1376,148,0.105362
1376,672,0.0985664
1376,713,0.0944993
1376,306,0.0903632
1376,286,0.0858282
379,275,0.151621
379,361,0.107411
379,348,0.105013
379,663,0.0815037
379,72,0.0567103
379,86,0.0563113
379,57,0.046731
379,281,0.0444134
379,267,0.0374182
379,553,0.0373732
378,588,0.272203
378,376,0.121783
378,499,0.120598
378,27,0.0932529
378,1120,0.0915992
378,382,0.0820223
378,735,0.0681288
378,1398,0.0667497
378,582,0.0665794
378,559,0.0633746
371,256,0.137828
371,284,0.116589
371,281,0.113061
371,104,0.112269
371,72,0.102529
371,342,0.087386
371,319,0.0827829
371,326,0.0806249
371,59,0.0778482
371,68,0.0770685
370,365,0.186303
370,583,0.127062
370,722,0.110032
370,89,0.102238
370,341,0.101451
370,304,0.0963253
370,2330,0.0901364
370,68,0.079737
370,372,0.074327
370,333,0.0743245
373,49,0.0866535
373,703,0.0802166
373,695,0.0800044
373,337,0.0758882
373,585,0.070226
373,68,0.0695828
373,1,0.0668523
373,7,0.0650195
373,296,0.0642418
373,75,0.0629785
372,311,0.233338
372,588,0.125161
372,300,0.119116
372,1120,0.118241
372,582,0.116959
372,736,0.110248
372,490,0.0970905
372,358,0.0968138
372,2330,0.0876791
372,555,0.0765845
375,582,0.215233
375,1397,0.208711
375,259,0.123906
375,85,0.119141
375,675,0.114725
375,184,0.108167
375,731,0.10743
375,70,0.107367
375,298,0.100765
375,44,0.0816392
374,314,0.249058
374,472,0.245987
374,486,0.149386
374,292,0.11743
374,343,0.10801
374,1127,0.102596
374,50,0.0742637
374,367,0.054995
374,356,0.052702
374,176,0.0526299
377,263,0.127191
377,495,0.124041
377,361,0.0886343
377,366,0.0841158
377,246,0.0770085
377,599,0.0732989
377,28,0.0712734
377,552,0.0709961
377,122,0.0574769
377,356,0.0571821
376,378,0.121783
376,42,0.113428
376,499,0.0675121
376,14,0.0616898
376,335,0.059662
376,694,0.0560805
376,79,0.0543985
376,710,0.0540241
376,363,0.0511135
376,315,0.0510171
708,42,0.170364
708,62,0.137666
708,65,0.13267
708,342,0.0800132
708,706,0.0695974
708,166,0.0676779
708,86,0.0636719
708,125,0.0602698
708,223,0.0519346
708,153,0.050629
2906,1398,0.123944
2906,66,0.0988487
2906,705,0.0777033
2906,153,0.0764023
2906,1157,0.0680982
2906,328,0.0629855
2906,479,0.0596517
2906,298,0.049976
2906,2069,0.0491109
2906,364,0.0474434
705,263,0.1182
705,499,0.113739
705,2001,0.100929
705,308,0.0964784
705,135,0.0848496
705,258,0.0847189
705,2906,0.0777033
705,2183,0.0718405
705,246,0.06716
705,503,0.0642914
706,86,0.218396
706,192,0.214704
706,342,0.169998
706,1975,0.148074
706,331,0.126641
706,8,0.122195
706,24,0.120442
706,62,0.0952249
706,158,0.0907653
706,641,0.0854902
707,672,0.148503
707,23,0.148434
707,38,0.141789
707,727,0.108867
707,258,0.0850292
707,288,0.0834247
707,333,0.0794428
707,15,0.0764406
707,50,0.0754761
707,623,0.0609065
700,104,0.268628
700,180,0.219861
700,46,0.212607
700,80,0.11806
700,318,0.112306
700,11,0.100618
700,20,0.0965919
700,321,0.0956739
700,57,0.0884749
700,286,0.0883564
701,200,0.172198
701,86,0.101044
701,192,0.092605
701,485,0.0741612
701,310,0.0623673
701,16,0.0602713
701,583,0.0578971
701,500,0.0573176
701,559,0.0517325
701,98,0.051446
702,20,0.348341
702,312,0.177381
702,59,0.109075
702,23,0.0972056
702,675,0.0860856
702,259,0.0835426
702,606,0.0826628
702,285,0.0772561
702,71,0.0755416
702,85,0.0693298
703,2026,0.278444
703,45,0.190402
703,331,0.111813
703,24,0.0912871
703,11,0.0910837
703,48,0.0840984
703,373,0.0802166
703,340,0.0798576
703,494,0.0785856
703,101,0.0675819
88,720,0.196384
88,472,0.11505
88,78,0.110668
88,367,0.106262
88,305,0.10139
88,259,0.0931328
88,60,0.0906383
88,57,0.0902937
88,551,0.0852449
88,717,0.0832209
89,55,0.268387
89,471,0.162688
89,493,0.156738
89,370,0.102238
89,583,0.0926861
89,675,0.0745561
89,365,0.0704883
89,92,0.067825
89,305,0.067097
89,304,0.066848
1485,292,0.145409
1485,642,0.121809
1485,55,0.117608
1485,1162,0.0867071
1485,71,0.0837292
1485,309,0.0713979
1485,476,0.0638928
1485,702,0.0629095
1485,735,0.0564937
1485,2129,0.0555302
82,504,0.692646
82,478,0.497684
82,20,0.0483241
82,289,0.0423501
82,62,0.0398138
82,102,0.0350417
82,104,0.0327094
82,180,0.0291187
82,561,0.0284376
82,85,0.0273834
83,487,0.241894
83,502,0.196588
83,1474,0.156114
83,598,0.150171
83,306,0.137882
83,337,0.133764
83,355,0.130362
83,587,0.12557
83,76,0.117535
83,305,0.10592
80,46,0.340437
80,2007,0.308392
80,72,0.284228
80,468,0.222437
80,102,0.168659
80,700,0.11806
80,11,0.103
80,20,0.102171
80,152,0.0958578
80,272,0.0915001
86,706,0.218396
86,192,0.147323
86,342,0.110969
86,701,0.101044
86,56,0.0942327
86,62,0.0830204
86,1122,0.0755938
86,8,0.073346
86,59,0.0687843
86,708,0.0636719
87,504,0.114673
87,16,0.0927361
87,184,0.0905172
87,736,0.0865629
87,272,0.0825238
87,1122,0.0675957
87,589,0.0496091
87,27,0.0421251
87,351,0.04161
87,298,0.0397613
84,76,0.199103
84,181,0.136807
84,331,0.0924267
84,246,0.088602
84,503,0.0880956
84,480,0.0863143
84,605,0.0735349
84,712,0.0719072
84,356,0.0643916
84,2001,0.0595899
85,675,0.284329
85,259,0.269395
85,70,0.225286
85,582,0.194165
85,59,0.148295
85,298,0.130302
85,20,0.124151
85,290,0.123941
85,375,0.119141
85,9,0.113054
7,50,0.179082
7,367,0.162444
7,68,0.121736
7,52,0.0941302
7,283,0.0939443
7,49,0.0849739
7,297,0.0728442
7,373,0.0650195
7,332,0.0512266
7,48,0.0500178
586,90,0.112872
586,1473,0.0944958
586,38,0.0698851
586,1,0.0691636
586,694,0.0691374
586,272,0.0659209
586,729,0.0636549
586,488,0.0636072
586,68,0.0622466
586,59,0.0596308
587,502,0.208951
587,1474,0.171281
587,135,0.150444
587,83,0.12557
587,35,0.122589
587,76,0.121187
587,675,0.118962
587,493,0.115647
587,735,0.109124
587,490,0.0922061
584,67,0.14354
584,57,0.0941606
584,47,0.0904557
584,78,0.0883105
584,667,0.0802111
584,288,0.0767224
584,40,0.069681
584,8,0.0684893
584,358,0.0671813
584,283,0.0650275
585,95,0.127935
585,2329,0.093672
585,339,0.0912504
585,373,0.070226
585,730,0.06597
585,2,0.0642131
585,623,0.0552199
585,125,0.0469049
585,706,0.0395734
585,502,0.0387788
582,588,0.267766
582,675,0.230666
582,259,0.21785
582,375,0.215233
582,1120,0.214397
582,85,0.194165
582,70,0.170649
582,736,0.15811
582,165,0.148873
582,298,0.121453
583,370,0.127062
583,36,0.103506
583,304,0.0977426
583,89,0.0926861
583,57,0.0891307
583,365,0.087527
583,16,0.0724262
583,341,0.0717149
583,271,0.0633987
583,701,0.0578971
581,1161,0.264743
581,267,0.224948
581,722,0.205996
581,165,0.194377
581,361,0.191566
581,353,0.191327
581,78,0.185134
581,320,0.175916
581,625,0.108578
581,1394,0.107794
588,378,0.272203
588,582,0.267766
588,1120,0.230747
588,736,0.163803
588,667,0.1324
588,165,0.129212
588,372,0.125161
588,368,0.0976584
588,292,0.0918939
588,189,0.066682
589,254,0.12691
589,91,0.0980241
589,102,0.093856
589,501,0.0763591
589,1116,0.0754368
589,80,0.0669241
589,370,0.0557437
589,87,0.0496091
589,703,0.043826
589,630,0.0401906
244,44,0.193041
244,57,0.148498
244,288,0.136094
244,719,0.12549
244,47,0.111406
244,602,0.0933043
244,49,0.0904803
244,551,0.0855573
244,698,0.0846536
244,92,0.0779317
246,263,0.223122
246,710,0.207658
246,253,0.148446
246,672,0.144617
246,95,0.140115
246,122,0.108251
246,84,0.088602
246,495,0.0879263
246,727,0.0845379
246,155,0.0775719
242,345,0.323109
242,1397,0.150367
242,295,0.140716
242,737,0.116053
242,717,0.109313
242,632,0.103214
242,165,0.100477
242,367,0.0984004
242,223,0.0894248
242,42,0.0780343
606,354,0.165527
606,366,0.108952
606,1474,0.0989637
606,32,0.0835732
606,702,0.0826628
606,1396,0.0823212
606,1394,0.0811107
606,714,0.0807247
606,682,0.0719624
606,490,0.0711104
248,223,0.171891
248,287,0.151023
248,34,0.0998698
248,54,0.0801345
248,283,0.0779091
248,276,0.0672158
248,73,0.0669241
248,489,0.0626009
248,600,0.0622206
248,83,0.0553807
623,730,0.0887642
623,292,0.0813517
623,2007,0.0668349
623,2329,0.0659706
623,125,0.0633375
623,707,0.0609065
623,697,0.0598493
623,158,0.0598468
623,481,0.0555383
623,585,0.0552199
622,630,0.151572
622,698,0.136527
622,343,0.0531667
622,291,0.0465966
622,365,0.0436575
622,494,0.0435181
622,336,0.0434451
622,2129,0.0433213
622,42,0.0423448
622,640,0.0411953
621,475,0.172829
621,303,0.0576341
621,650,0.052343
621,1474,0.0497514
621,737,0.0450724
621,10,0.0396062
621,491,0.0388544
621,2137,0.0378716
621,314,0.0366591
621,39,0.0356296
620,358,0.112493
620,30,0.0892618
620,1120,0.0822868
620,490,0.080263
620,469,0.0764117
620,736,0.0760032
620,355,0.0743703
620,2330,0.0715089
620,482,0.0704482
620,720,0.068974
625,78,0.174499
625,360,0.14399
625,599,0.133989
625,283,0.127121
625,581,0.108578
625,316,0.106737
625,694,0.0812228
625,181,0.0781061
625,2,0.071232
625,30,0.0705271
624,313,0.349078
624,475,0.303677
624,491,0.223518
624,150,0.141663
624,327,0.136914
624,119,0.13143
624,78,0.123264
624,297,0.0694857
624,306,0.0682204
624,31,0.0616535
176,472,0.316584
176,331,0.248515
176,682,0.244004
176,318,0.232557
176,122,0.225044
176,64,0.220212
176,38,0.214585
176,332,0.187771
176,602,0.186827
176,314,0.166998
1120,588,0.230747
1120,582,0.214397
1120,27,0.213473
1120,499,0.136741
1120,736,0.129505
1120,489,0.126599
1120,372,0.118241
1120,302,0.113873
1120,165,0.103425
1120,378,0.0915992
180,104,0.361184
180,700,0.219861
180,101,0.203467
180,20,0.170335
180,107,0.147585
180,98,0.132382
180,46,0.127961
180,102,0.118409
180,331,0.112525
180,24,0.105354
181,360,0.313165
181,76,0.232846
181,316,0.226455
181,84,0.136807
181,285,0.112322
181,331,0.106353
181,480,0.102725
181,676,0.0971231
181,356,0.0893694
181,200,0.08614
184,44,0.189407
184,29,0.161261
184,8,0.157117
184,290,0.140518
184,375,0.108167
184,1398,0.107326
184,27,0.106468
184,331,0.0916938
184,87,0.0905172
184,24,0.0880345
651,470,0.631734
651,489,0.150526
651,73,0.141958
651,555,0.0925316
651,361,0.0749615
651,475,0.0616637
651,281,0.0547773
651,308,0.0546958
651,242,0.0519537
651,292,0.0511071
189,279,0.361694
189,600,0.262286
189,501,0.176479
189,276,0.168021
189,96,0.132009
189,102,0.0956944
189,25,0.0900706
189,485,0.0876237
189,41,0.0746442
189,323,0.0720374
658,497,0.164615
658,267,0.146588
658,290,0.13742
658,119,0.124937
658,278,0.120523
658,1397,0.114934
658,728,0.110827
658,348,0.105959
658,633,0.0918195
658,6,0.0877748
650,37,0.169387
650,107,0.103664
650,1117,0.095097
650,606,0.0666132
650,1474,0.0604293
650,26,0.0576105
650,621,0.052343
650,1396,0.0466889
650,301,0.0460633
650,193,0.0432499
1127,367,0.123175
1127,348,0.108755
1127,374,0.102596
1127,292,0.0616036
1127,356,0.0540113
1127,310,0.0431031
1127,605,0.040558
1127,328,0.0403344
1127,560,0.0398815
1127,494,0.0392403
11,46,0.184972
11,321,0.16984
11,80,0.103
11,700,0.100618
11,48,0.097082
11,152,0.0935374
11,294,0.0928345
11,703,0.0910837
11,20,0.0844475
11,69,0.0743019
10,2345,0.148173
10,285,0.1285
10,294,0.121295
10,326,0.113873
10,332,0.0896894
10,49,0.0865642
10,497,0.0793323
10,181,0.0766556
10,102,0.0748206
10,296,0.0731963
13,347,0.246798
13,223,0.19978
13,310,0.0899567
13,31,0.0883896
13,67,0.0875025
13,15,0.0832926
13,215,0.0678447
13,23,0.0668123
13,319,0.0650575
13,69,0.0518705
12,312,0.170515
12,3,0.15569
12,289,0.130886
12,331,0.111487
12,24,0.105964
12,200,0.0725241
12,2183,0.0721578
12,485,0.063435
12,31,0.0586965
12,64,0.0576166
15,13,0.0832926
15,362,0.0820892
15,707,0.0764406
15,23,0.0642611
15,14,0.0557574
15,288,0.0541176
15,158,0.0533253
15,727,0.0517172
15,98,0.0516764
15,275,0.044097
14,604,0.285525
14,471,0.259011
14,335,0.221639
14,1473,0.152916
14,553,0.0781232
14,700,0.0746239
14,59,0.0693333
14,376,0.0616898
14,26,0.0558405
14,15,0.0557574
16,694,0.117959
16,79,0.101267
16,87,0.0927361
16,1,0.0788709
16,740,0.0786435
16,559,0.0724329
16,583,0.0724262
16,2714,0.0658325
16,50,0.0651508
16,275,0.0646034
19,369,0.0668165
19,331,0.0605526
19,24,0.0586323
19,180,0.0539532
19,2745,0.0367369
19,721,0.0332363
19,32,0.0327402
19,295,0.0292973
19,139,0.0281453
19,284,0.0280338
18,474,0.17135
18,21,0.153939
18,51,0.128022
18,1119,0.119162
18,603,0.0991776
18,310,0.0966497
18,264,0.0764876
18,52,0.0763257
18,488,0.0749685
18,125,0.0736866
2026,703,0.278444
2026,45,0.249448
2026,340,0.101476
2026,295,0.0744794
2026,317,0.0670334
2026,3067,0.0651794
2026,582,0.0617879
2026,284,0.0536105
2026,271,0.0455955
2026,102,0.0449141
322,271,0.123725
322,276,0.110355
322,304,0.0887305
322,38,0.0812805
322,41,0.0810357
322,180,0.0794822
322,125,0.0740115
322,483,0.072648
322,101,0.0695573
322,104,0.0675508
323,1,0.123371
323,2136,0.121922
323,68,0.108773
323,75,0.09175
323,342,0.0829236
323,334,0.0808496
323,189,0.0720374
323,371,0.0679631
323,1162,0.0665819
323,633,0.0650497
320,581,0.175916
320,1161,0.131042
320,2137,0.125705
320,364,0.103642
320,280,0.101019
320,722,0.0835661
320,737,0.0772692
320,2330,0.0755577
320,353,0.0732674
320,165,0.071711
321,11,0.16984
321,6,0.0976648
321,700,0.0956739
321,324,0.0921807
321,340,0.0900005
321,318,0.06255
321,488,0.0556981
321,32,0.0541199
321,658,0.0526173
321,280,0.0508713
326,381,0.136399
326,331,0.124814
326,24,0.114861
326,10,0.113873
326,25,0.102789
326,193,0.101388
326,697,0.100195
326,2345,0.0829252
326,285,0.0822374
326,371,0.0806249
327,624,0.136914
327,313,0.096047
327,349,0.083642
327,361,0.0790631
327,26,0.0744453
327,475,0.0740723
327,1474,0.0722304
327,150,0.071938
327,1398,0.0713467
327,502,0.0674656
324,667,0.143274
324,321,0.0921807
324,700,0.0776068
324,180,0.0746625
324,663,0.0715508
324,98,0.0468384
324,77,0.0458902
324,2001,0.0443456
324,481,0.0434636
324,318,0.0416079
325,666,0.224925
325,28,0.131083
325,737,0.0662685
325,705,0.0639749
325,607,0.0578373
325,499,0.0506337
325,695,0.0426758
325,620,0.0414697
325,52,0.0402271
325,667,0.0364412
328,695,0.139863
328,2183,0.132036
328,348,0.110531
328,342,0.0864978
328,326,0.0695427
328,2906,0.0629855
328,2329,0.0606669
328,711,0.0498581
328,59,0.0439602
328,1127,0.0403344
329,368,0.0712866
329,735,0.046686
329,295,0.046189
329,1117,0.0401131
329,354,0.0368568
329,471,0.0362601
329,319,0.0357783
329,85,0.0324544
329,335,0.0320138
329,292,0.0298139
200,485,0.248408
200,559,0.19969
200,701,0.172198
200,309,0.161079
200,275,0.124693
200,468,0.0975204
200,96,0.0947762
200,181,0.08614
200,12,0.0725241
200,189,0.0691852
77,102,0.120343
77,308,0.115238
77,275,0.113185
77,354,0.112013
77,486,0.105307
77,301,0.0924208
77,281,0.0798326
77,85,0.0779968
77,72,0.0768611
77,60,0.0737578
76,181,0.232846
76,84,0.199103
76,502,0.178624
76,665,0.162959
76,480,0.153479
76,1474,0.150164
76,282,0.141474
76,587,0.121187
76,489,0.12081
76,607,0.118008
75,54,0.208016
75,49,0.175736
75,486,0.159315
75,277,0.115992
75,38,0.113514
75,1,0.113403
75,472,0.102499
75,68,0.0979308
75,323,0.09175
75,64,0.0830023
73,350,0.155031
73,651,0.141958
73,470,0.0957809
73,313,0.0863039
73,561,0.0697425
73,248,0.0669241
73,729,0.0652824
73,355,0.0580929
73,53,0.0574568
73,6,0.0556489
72,25,0.37025
72,80,0.284228
72,256,0.173773
72,96,0.165489
72,104,0.157168
72,2007,0.154978
72,281,0.146022
72,102,0.135709
72,46,0.128179
72,275,0.117026
71,682,0.135971
71,695,0.117677
71,495,0.0911237
71,1485,0.0837292
71,676,0.0824976
71,702,0.0755416
71,2069,0.0622812
71,736,0.0591255
71,500,0.0561605
71,23,0.0543664
70,259,0.251522
70,675,0.242786
70,85,0.225286
70,728,0.200389
70,582,0.170649
70,60,0.156087
70,59,0.140455
70,21,0.138856
70,298,0.128878
70,52,0.111264
79,694,0.204795
79,42,0.103212
79,16,0.101267
79,104,0.0647426
79,700,0.0576549
79,340,0.0545922
79,376,0.0543985
79,84,0.0532671
79,586,0.052053
79,5,0.051647
78,1394,0.209718
78,581,0.185134
78,625,0.174499
78,359,0.125153
78,624,0.123264
78,88,0.110668
78,300,0.106651
78,2,0.100238
78,125,0.0891187
78,340,0.0883217
2330,255,0.123136
2330,43,0.108575
2330,2137,0.102286
2330,370,0.0901364
2330,372,0.0876791
2330,264,0.0868771
2330,300,0.084584
2330,555,0.0844872
2330,503,0.0803182
2330,320,0.0755577
667,324,0.143274
667,588,0.1324
667,582,0.104857
667,584,0.0802111
667,694,0.0760828
667,125,0.0747649
667,1120,0.0746043
667,77,0.0607899
667,658,0.0581357
667,375,0.0549624
666,325,0.224925
666,61,0.0632816
666,1157,0.0568896
666,29,0.0520944
666,364,0.0493425
666,694,0.0467859
666,607,0.0450811
666,479,0.0431251
666,680,0.040225
666,287,0.0401524
665,282,0.258787
665,76,0.162959
665,37,0.150396
665,39,0.121485
665,337,0.1139
665,43,0.10572
665,290,0.0954886
665,83,0.0944014
665,557,0.0939077
665,299,0.0911445
664,490,0.0717929
664,663,0.0629349
664,365,0.0604929
664,44,0.0533404
664,30,0.0523309
664,380,0.0509349
664,1474,0.0411507
664,465,0.0362253
664,13,0.034195
664,37,0.0337469
663,738,0.241165
663,1396,0.179212
663,9,0.148294
663,1889,0.145622
663,302,0.121669
663,503,0.120314
663,355,0.0889534
663,379,0.0815037
663,324,0.0715508
663,11,0.070544
696,125,0.0981867
696,365,0.0743806
696,18,0.0656918
696,88,0.061451
696,583,0.0534928
696,675,0.0507844
696,339,0.049937
696,315,0.048314
696,2745,0.0461617
696,667,0.0437744
697,326,0.100195
697,481,0.0605714
697,623,0.0598493
697,62,0.0562229
697,158,0.0519833
697,708,0.0469003
697,473,0.0450163
697,342,0.0413004
697,706,0.0403542
697,53,0.0397719
694,79,0.204795
694,16,0.117959
694,492,0.0980758
694,2129,0.09544
694,625,0.0812228
694,333,0.0788505
694,667,0.0760828
694,44,0.0721194
694,586,0.0691374
694,365,0.0616837
695,328,0.139863
695,482,0.135675
695,71,0.117677
695,373,0.0800044
695,289,0.0628231
695,364,0.0625453
695,162,0.0616006
695,682,0.0576629
695,348,0.0534617
695,318,0.0450764
698,602,0.2708
698,6,0.173244
698,622,0.136527
698,719,0.093683
698,244,0.0846536
698,700,0.067387
698,336,0.0555797
698,604,0.0544597
698,703,0.0491713
698,288,0.0470229
8,44,0.235467
8,192,0.181342
8,184,0.157117
8,50,0.126959
8,706,0.122195
8,277,0.107615
8,24,0.0786788
8,244,0.0771615
8,86,0.073346
8,331,0.0718355
122,472,0.277069
122,331,0.25922
122,318,0.256459
122,176,0.225044
122,64,0.224607
122,38,0.196411
122,682,0.177949
122,332,0.17426
122,162,0.148954
122,366,0.130527
125,2,0.198625
125,599,0.183754
125,339,0.182785
125,104,0.109238
125,2745,0.107382
125,696,0.0981867
125,78,0.0891187
125,98,0.0860544
125,101,0.0823973
125,551,0.0799549
2,551,0.231389
2,125,0.198625
2,599,0.164946
2,720,0.158523
2,47,0.141148
2,67,0.111113
2,78,0.100238
2,62,0.0967799
2,339,0.0897001
2,35,0.0862032
2069,676,0.130157
2069,148,0.077735
2069,2329,0.0624023
2069,71,0.0622812
2069,162,0.0534062
2069,623,0.0512792
2069,166,0.0498369
2069,2906,0.0491109
2069,253,0.0489837
2069,122,0.0429842
1380,63,0.239844
1380,66,0.192499
1380,557,0.087318
1380,311,0.0647606
1380,282,0.0642599
1380,581,0.0636713
1380,358,0.0613489
1380,37,0.060128
1380,22,0.0596579
1380,300,0.0595635
319,735,0.199912
319,554,0.10662
319,296,0.0898429
319,466,0.0850405
319,371,0.0827829
319,298,0.0785294
319,467,0.0783683
319,367,0.0722335
319,13,0.0650575
319,31,0.0647915
318,472,0.344962
318,331,0.315941
318,122,0.256459
318,64,0.255805
318,176,0.232557
318,332,0.230421
318,682,0.207896
318,38,0.1981
318,736,0.153138
318,314,0.137035
313,624,0.349078
313,475,0.238571
313,491,0.140847
313,150,0.134424
313,327,0.096047
313,73,0.0863039
313,78,0.0827856
313,483,0.0728808
313,272,0.065476
313,2345,0.0523018
312,702,0.177381
312,12,0.170515
312,20,0.161527
312,289,0.114383
312,3,0.110823
312,59,0.101234
312,2183,0.100104
312,326,0.0713999
312,344,0.0709076
312,9,0.0646076
311,372,0.233338
311,581,0.0952203
311,603,0.0942788
311,76,0.0894741
311,497,0.0856893
311,2183,0.0845445
311,359,0.0839153
311,358,0.0832808
311,78,0.0822206
311,480,0.0814827
310,603,0.241779
310,63,0.135191
310,502,0.117094
310,18,0.0966497
310,98,0.094578
310,1119,0.093506
310,13,0.0899567
310,347,0.0808412
310,223,0.0778472
310,363,0.0749657
317,271,0.141726
317,255,0.109398
317,476,0.0733425
317,498,0.073229
317,53,0.0727405
317,722,0.0726869
317,284,0.0681436
317,501,0.067361
317,2026,0.0670334
317,297,0.0596569
316,360,0.428208
316,27,0.268514
316,181,0.226455
316,499,0.152429
316,302,0.124459
316,625,0.106737
316,350,0.0980271
316,382,0.0940153
316,285,0.068018
316,30,0.0636494
315,10,0.0704879
315,680,0.0594465
315,63,0.055153
315,376,0.0510171
315,303,0.0501271
315,300,0.049536
315,696,0.048314
315,42,0.0470479
315,67,0.0414477
315,500,0.0391706
314,472,0.273774
314,374,0.249058
314,38,0.199242
314,176,0.166998
314,331,0.143896
314,560,0.143218
314,318,0.137035
314,64,0.129385
314,50,0.117767
314,332,0.115876
139,491,0.12949
139,331,0.11044
139,24,0.0842475
139,76,0.0829691
139,605,0.074758
139,181,0.0727913
139,314,0.0703106
139,68,0.0675744
139,486,0.0663104
139,10,0.0658848
3,381,0.302845
3,12,0.15569
3,331,0.129934
3,24,0.124452
3,59,0.117156
3,312,0.110823
3,289,0.0910839
3,2745,0.072667
3,264,0.0673823
3,721,0.0625434
368,588,0.0976584
368,2137,0.0811006
368,632,0.0808221
368,329,0.0712866
368,483,0.0552035
368,307,0.0542372
368,322,0.0536278
368,605,0.0520397
368,135,0.0470652
368,1398,0.0389793
369,284,0.11209
369,292,0.104241
369,272,0.0875077
369,85,0.0759669
369,19,0.0668165
369,102,0.0647196
369,675,0.0605306
369,259,0.0600869
369,353,0.0573133
369,10,0.0539739
366,122,0.130527
366,176,0.117123
366,606,0.108952
366,148,0.107815
366,719,0.0996401
366,382,0.094561
366,488,0.0895993
366,377,0.0841158
366,162,0.0820931
366,135,0.0670461
367,554,0.207796
367,345,0.168202
367,7,0.162444
367,720,0.14854
367,1127,0.123175
367,296,0.117911
367,88,0.106262
367,472,0.105931
367,242,0.0984004
367,553,0.0972261
364,1396,0.110364
364,320,0.103642
364,311,0.0689924
364,1691,0.0663843
364,695,0.0625453
364,327,0.0568106
364,729,0.0539834
364,490,0.05211
364,666,0.0493425
364,737,0.0485207
365,370,0.186303
365,583,0.087527
365,301,0.0763463
365,471,0.0760536
365,44,0.0748731
365,696,0.0743806
365,89,0.0704883
365,304,0.0704471
365,184,0.067193
365,694,0.0616837
362,303,0.15984
362,333,0.126992
362,264,0.112042
362,274,0.107374
362,301,0.08317
362,15,0.0820892
362,1397,0.0814177
362,370,0.0735367
362,352,0.0661233
362,297,0.0646204
363,22,0.14205
363,44,0.123762
363,40,0.109883
363,556,0.109036
363,47,0.0879412
363,184,0.0854741
363,67,0.0850595
363,310,0.0749657
363,561,0.0694311
363,68,0.0641701
360,316,0.428208
360,181,0.313165
360,625,0.14399
360,285,0.0966223
360,30,0.0758041
360,355,0.0577867
360,333,0.0463136
360,310,0.0350974
360,315,0.0328172
360,87,0.0327347
361,165,0.222137
361,581,0.191566
361,1161,0.18949
361,722,0.156603
361,281,0.146221
361,267,0.141649
361,555,0.134966
361,353,0.129836
361,193,0.122319
361,275,0.109582
380,348,0.150836
380,351,0.147108
380,340,0.134873
380,603,0.119541
380,737,0.113233
380,119,0.0998047
380,223,0.0918176
380,607,0.0881059
380,306,0.077686
380,735,0.0737851
381,3,0.302845
381,326,0.136399
381,28,0.0816341
381,466,0.0745283
381,473,0.0685999
381,59,0.0654616
381,2714,0.0623218
381,312,0.0500182
381,319,0.0478408
381,25,0.0389736
382,27,0.296605
382,601,0.203345
382,499,0.195786
382,302,0.163219
382,348,0.151229
382,366,0.094561
382,316,0.0940153
382,1120,0.0879524
382,378,0.0820223
382,497,0.0739274
150,490,0.206158
150,624,0.141663
150,313,0.134424
150,59,0.107456
150,475,0.0956557
150,550,0.0840974
150,267,0.0737831
150,327,0.071938
150,465,0.0591372
150,491,0.0564829
607,737,0.202105
607,603,0.13016
607,76,0.118008
607,480,0.117619
607,340,0.0902948
607,380,0.0881059
607,223,0.0867078
607,501,0.0855921
607,367,0.0772399
607,83,0.0761102
60,21,0.195633
60,70,0.156087
60,728,0.141412
60,20,0.106053
60,469,0.0936041
60,88,0.0906383
60,26,0.0869721
60,77,0.0737578
60,52,0.0708101
60,30,0.0647838
61,679,0.162899
61,68,0.146367
61,731,0.141781
61,666,0.0632816
61,291,0.0624952
61,333,0.0593212
61,57,0.0481105
61,471,0.0401754
61,723,0.0333063
61,8,0.0327409
258,1119,0.13982
258,642,0.121713
258,711,0.0934798
258,266,0.0903977
258,503,0.0860697
258,707,0.0850292
258,705,0.0847189
258,314,0.0812686
258,357,0.0726524
258,2129,0.0721467
63,1380,0.239844
63,28,0.139941
63,310,0.135191
63,37,0.120611
63,275,0.117025
63,30,0.107263
63,35,0.0893142
63,90,0.071685
63,23,0.0639811
63,363,0.0568285
64,472,0.3245
64,331,0.309194
64,318,0.255805
64,332,0.231657
64,122,0.224607
64,176,0.220212
64,682,0.209123
64,38,0.190022
64,25,0.176166
64,486,0.146685
65,53,0.154249
65,708,0.13267
65,42,0.105957
65,553,0.105217
65,282,0.0835476
65,51,0.0825949
65,135,0.0685454
65,361,0.0668946
65,371,0.0614243
65,720,0.0604038
66,1380,0.192499
66,557,0.105562
66,2906,0.0988487
66,282,0.0766252
66,587,0.0675475
66,290,0.0599943
66,682,0.0547411
66,60,0.0533107
66,474,0.0524099
66,184,0.0515754
67,47,0.263945
67,69,0.170492
67,584,0.14354
67,630,0.130802
67,40,0.112575
67,641,0.111186
67,2,0.111113
67,13,0.0875025
67,363,0.0850595
67,598,0.0641082
68,61,0.146367
68,1,0.138713
68,7,0.121736
68,323,0.108773
68,284,0.0988569
68,75,0.0979308
68,342,0.0843988
68,370,0.079737
68,550,0.0782767
68,371,0.0770685
69,67,0.170492
69,90,0.117443
69,725,0.116628
69,335,0.10687
69,51,0.101372
69,95,0.0991935
69,349,0.0791647
69,55,0.0787244
69,11,0.0743019
69,499,0.0737132
256,152,0.284845
256,281,0.282496
256,25,0.216401
256,96,0.178058
256,72,0.173773
256,276,0.144445
256,371,0.137828
256,98,0.103882
256,223,0.0850009
256,292,0.0849253
254,589,0.12691
254,554,0.0785099
254,632,0.0605219
254,588,0.0596156
254,601,0.0581904
254,501,0.0563634
254,496,0.0551396
254,1691,0.0503358
254,101,0.0487387
254,20,0.0475013
1161,581,0.264743
1161,353,0.258989
1161,722,0.258684
1161,267,0.227371
1161,165,0.217456
1161,361,0.18949
1161,633,0.140408
1161,320,0.131042
1161,48,0.113093
1161,738,0.0820597
1162,676,0.142724
1162,476,0.140279
1162,680,0.0912276
1162,1485,0.0867071
1162,600,0.0766409
1162,323,0.0665819
1162,501,0.0656616
1162,707,0.059728
1162,485,0.0585515
1162,279,0.056406
731,1397,0.193203
731,61,0.141781
731,281,0.124107
731,375,0.10743
731,550,0.0993847
731,331,0.0932768
731,24,0.0867595
731,373,0.061742
731,466,0.0575333
731,31,0.0553323
730,2183,0.123429
730,2329,0.0908462
730,623,0.0887642
730,38,0.082646
730,498,0.0777715
730,727,0.0725412
730,334,0.0676511
730,585,0.06597
730,1116,0.0606054
730,366,0.0528313
735,319,0.199912
735,502,0.163952
735,466,0.14435
735,493,0.136014
735,1474,0.132821
735,467,0.11301
735,587,0.109124
735,300,0.10033
735,83,0.0984564
735,76,0.0934624
737,345,0.202993
737,607,0.202105
737,340,0.142969
737,223,0.122418
737,242,0.116053
737,380,0.113233
737,306,0.11029
737,119,0.10117
737,632,0.0993198
737,603,0.0884921
736,588,0.163803
736,582,0.15811
736,318,0.153138
736,1120,0.129505
736,372,0.110248
736,87,0.0865629
736,165,0.076198
736,620,0.0760032
736,300,0.0687716
736,482,0.0627796
738,663,0.241165
738,1396,0.220602
738,302,0.14987
738,503,0.13989
738,475,0.108498
738,266,0.09634
738,1161,0.0820597
738,258,0.0716263
738,1889,0.0685194
738,550,0.0685075
504,82,0.692646
504,478,0.392478
504,87,0.114673
504,291,0.110926
504,14,0.0466229
504,184,0.045515
504,736,0.0354697
504,471,0.0349475
504,135,0.0333741
504,335,0.0300938
502,1474,0.24686
502,587,0.208951
502,83,0.196588
502,76,0.178624
502,735,0.163952
502,493,0.147065
502,310,0.117094
502,675,0.107654
502,158,0.0959823
502,487,0.0927668
503,1396,0.231003
503,468,0.216767
503,738,0.13989
503,479,0.129219
503,663,0.120314
503,302,0.0889761
503,84,0.0880956
503,258,0.0860697
503,2330,0.0803182
503,2001,0.073216
500,34,0.188416
500,487,0.157138
500,337,0.119617
500,305,0.0947782
500,721,0.0645492
500,736,0.0594794
500,737,0.0591743
500,701,0.0573176
500,71,0.0561605
500,267,0.054483
501,600,0.259691
501,279,0.251752
501,189,0.176479
501,485,0.174365
501,607,0.0855921
501,350,0.0819647
501,589,0.0763591
501,561,0.0755881
501,96,0.0752941
501,309,0.0728975
630,622,0.151572
630,67,0.130802
630,47,0.0797874
630,347,0.0784775
630,658,0.0640591
630,13,0.0516237
630,69,0.0514762
630,728,0.0450731
630,556,0.0410146
630,589,0.0401906
631,680,0.0927828
631,266,0.0757791
631,285,0.0726645
631,724,0.0692304
631,192,0.0609006
631,68,0.0544338
631,119,0.0514976
631,259,0.0502224
631,274,0.0486095
631,675,0.0460372
632,345,0.160878
632,1691,0.108479
632,242,0.103214
632,737,0.0993198
632,502,0.0911555
632,658,0.0819084
632,368,0.0808221
632,76,0.0803669
632,727,0.0799893
632,587,0.078935
633,1161,0.140408
633,722,0.124513
633,353,0.0932889
633,658,0.0918195
633,475,0.0754732
633,581,0.0742367
633,479,0.0719736
633,323,0.0650497
633,556,0.0641675
633,607,0.0602966
469,1118,0.108773
469,60,0.0936041
469,620,0.0764117
469,58,0.0693802
469,338,0.0675209
469,30,0.0661573
469,280,0.0621306
469,21,0.0512869
469,311,0.0508304
469,500,0.0437537
468,80,0.222437
468,503,0.216767
468,2007,0.144713
468,272,0.105436
468,72,0.101875
468,200,0.0975204
468,502,0.0864194
468,1474,0.086122
468,9,0.0830247
468,479,0.0755605
465,150,0.0591372
465,313,0.0405829
465,587,0.0390813
465,589,0.0381574
465,664,0.0362253
465,1691,0.0344111
465,267,0.0336848
465,624,0.0331892
465,663,0.0319749
465,91,0.0316743
467,96,0.33292
467,294,0.249531
467,292,0.179535
467,347,0.145791
467,223,0.141227
467,735,0.11301
467,45,0.100818
467,550,0.0917594
467,333,0.0874913
467,466,0.0799385
466,735,0.14435
466,319,0.0850405
466,467,0.0799385
466,381,0.0745283
466,152,0.0662488
466,80,0.0577953
466,731,0.0575333
466,327,0.0435212
466,342,0.042179
466,707,0.0376133
165,361,0.222137
165,1161,0.217456
165,581,0.194377
165,722,0.165624
165,353,0.153329
165,675,0.149975
165,582,0.148873
165,267,0.131397
165,588,0.129212
165,1120,0.103425
166,334,0.185142
166,41,0.113562
166,272,0.102574
166,486,0.0823277
166,708,0.0676779
166,192,0.0635295
166,706,0.0612559
166,1122,0.0597869
166,602,0.052672
166,492,0.0513698
162,95,0.232631
162,122,0.148954
162,148,0.120971
162,495,0.092025
162,366,0.0820931
162,246,0.0683564
162,263,0.0665874
162,695,0.0616006
162,373,0.0594936
162,2183,0.0579039
2745,125,0.107382
2745,3,0.072667
2745,588,0.0477928
2745,696,0.0461617
2745,305,0.0454429
2745,676,0.0411929
2745,339,0.0393233
2745,19,0.0367369
2745,667,0.0362159
2745,3067,0.0351362
9,272,0.3453
9,479,0.292387
9,1889,0.253136
9,490,0.160475
9,663,0.148294
9,259,0.135237
9,675,0.135205
9,59,0.132342
9,85,0.113054
9,70,0.100335
1157,551,0.0794348
1157,2906,0.0680982
1157,599,0.0603763
1157,666,0.0568896
1157,625,0.0561688
1157,603,0.0511657
1157,339,0.0495718
1157,694,0.047663
1157,310,0.047112
1157,323,0.0417443
255,2330,0.123136
255,317,0.109398
255,719,0.102007
255,722,0.0999307
255,286,0.0982451
255,253,0.0752524
255,554,0.0746257
255,682,0.0676594
255,306,0.0672737
255,258,0.0649688
1975,605,0.164455
1975,706,0.148074
1975,309,0.111094
1975,727,0.0991418
1975,2137,0.073197
1975,2183,0.0608128
1975,490,0.0575388
1975,707,0.0567152
1975,495,0.0550363
1975,346,0.0530396
357,28,0.243921
357,258,0.0726524
357,722,0.0705289
357,663,0.0668512
357,44,0.0621752
357,605,0.0587544
357,358,0.0558307
357,304,0.053352
357,607,0.0455389
357,8,0.0451067
356,287,0.363238
356,679,0.33506
356,76,0.116702
356,181,0.0893694
356,488,0.0787256
356,710,0.0709917
356,331,0.0686428
356,84,0.0643916
356,259,0.0596081
356,377,0.0571821
355,487,0.145943
355,83,0.130362
355,36,0.115841
355,598,0.100067
355,663,0.0889534
355,306,0.0834287
355,607,0.075224
355,620,0.0743703
355,223,0.0716544
355,305,0.0684438
354,606,0.165527
354,77,0.112013
354,717,0.0781806
354,301,0.0726274
354,720,0.0661538
354,1119,0.0582655
354,603,0.0545711
354,1396,0.0530363
354,248,0.0529222
354,702,0.0519951
353,1161,0.258989
353,118,0.21412
353,722,0.195576
353,581,0.191327
353,165,0.153329
353,267,0.143635
353,361,0.129836
353,263,0.106787
353,633,0.0932889
353,320,0.0732674
352,39,0.178419
352,473,0.136055
352,561,0.0999874
352,2345,0.0978871
352,735,0.0674325
352,362,0.0661233
352,341,0.0602085
352,43,0.0585693
352,119,0.0583927
352,102,0.0548414
351,380,0.147108
351,299,0.135991
351,1894,0.104622
351,45,0.0811299
351,348,0.0760254
351,1117,0.0744452
351,2129,0.0624765
351,41,0.0617463
351,343,0.0575401
351,553,0.0574988
350,561,0.173728
350,73,0.155031
350,316,0.0980271
350,501,0.0819647
350,353,0.0729583
350,367,0.0729478
350,720,0.0725719
350,475,0.0721629
350,6,0.0657005
350,10,0.0651135
359,78,0.125153
359,311,0.0839153
359,358,0.0836784
359,40,0.0818324
359,76,0.0745339
359,665,0.0702752
359,264,0.0694966
359,153,0.0658391
359,67,0.0630913
359,43,0.0597242
358,620,0.112493
358,83,0.105564
358,300,0.0986081
358,40,0.0981947
358,372,0.0968138
358,28,0.0901979
358,359,0.0836784
358,311,0.0832808
358,555,0.08069
358,43,0.0762831
215,552,0.147699
215,280,0.143527
215,347,0.103672
215,2345,0.102925
215,724,0.0869349
215,13,0.0678447
215,223,0.0490792
215,695,0.0352381
215,16,0.0289427
215,310,0.0268379
2329,2183,0.206077
2329,585,0.093672
2329,730,0.0908462
2329,623,0.0659706
2329,490,0.0626883
2329,312,0.0625758
2329,2069,0.0624023
2329,328,0.0606669
2329,95,0.0529287
2329,599,0.0491532
289,12,0.130886
289,312,0.114383
289,263,0.10385
289,344,0.102778
289,59,0.102339
289,3,0.0910839
289,695,0.0628231
289,280,0.0580751
289,20,0.0510444
289,153,0.0432701
288,287,0.187464
288,244,0.136094
288,49,0.124764
288,728,0.1094
288,332,0.103825
288,48,0.0996156
288,486,0.0947557
288,554,0.0938877
288,472,0.0869697
288,707,0.0834247
4,98,0.128208
4,104,0.0846317
4,371,0.0722863
4,59,0.0696925
4,180,0.0569235
4,296,0.0458884
4,281,0.0444473
4,586,0.0424834
4,46,0.0424222
4,101,0.0411446
281,256,0.282496
281,25,0.170737
281,361,0.146221
281,72,0.146022
281,731,0.124107
281,371,0.113061
281,223,0.110414
281,1397,0.0941253
281,292,0.0938392
281,275,0.0925988
280,215,0.143527
280,320,0.101019
280,50,0.0957909
280,27,0.0680513
280,338,0.0632938
280,469,0.0621306
280,729,0.0593692
280,289,0.0580751
280,606,0.0576058
280,33,0.0509381
283,49,0.253413
283,472,0.176091
283,625,0.127121
283,7,0.0939443
283,248,0.0779091
283,483,0.0655352
283,584,0.0650275
283,33,0.0629974
283,42,0.0386888
283,599,0.0386374
282,665,0.258787
282,76,0.141474
282,37,0.111159
282,723,0.103644
282,557,0.0845965
282,65,0.0835476
282,88,0.0776309
282,66,0.0766252
282,83,0.0692205
282,603,0.067787
285,10,0.1285
285,259,0.119471
285,675,0.11696
285,181,0.112322
285,2345,0.111579
285,724,0.109956
285,70,0.10848
285,680,0.107209
285,294,0.100467
285,85,0.0986447
284,371,0.116589
284,369,0.11209
284,68,0.0988569
284,263,0.0971636
284,107,0.094307
284,271,0.0931715
284,180,0.0854989
284,38,0.0830376
284,317,0.0681436
284,102,0.0671657
287,356,0.363238
287,288,0.187464
287,248,0.151023
287,679,0.15086
287,604,0.0929535
287,728,0.074955
287,332,0.0669543
287,223,0.0654358
287,482,0.0601331
287,191,0.058651
286,713,0.253246
286,719,0.211101
286,32,0.200053
286,349,0.179266
286,487,0.105034
286,255,0.0982451
286,37,0.0929424
286,605,0.0919964
286,712,0.0903254
286,700,0.0883564
679,356,0.33506
679,61,0.162899
679,287,0.15086
679,331,0.0862159
679,476,0.0612794
679,310,0.0501334
679,503,0.0443189
679,68,0.0436781
679,731,0.0398624
679,2330,0.0390255
674,54,0.173489
674,64,0.144914
674,486,0.0851551
674,602,0.0837597
674,719,0.0836752
674,75,0.0658867
674,1894,0.0611629
674,332,0.0610413
674,288,0.0601332
674,255,0.0593186
675,259,0.317015
675,85,0.284329
675,70,0.242786
675,582,0.230666
675,59,0.169489
675,165,0.149975
675,603,0.142348
675,9,0.135205
675,298,0.123246
675,23,0.121583
676,1162,0.142724
676,2069,0.130157
676,181,0.0971231
676,71,0.0824976
676,1,0.0593097
676,498,0.0454608
676,2745,0.0411929
676,2136,0.0400123
676,371,0.0316559
676,328,0.0313675
672,710,0.339468
672,349,0.15637
672,707,0.148503
672,246,0.144617
672,176,0.131107
672,292,0.114391
672,1376,0.0985664
672,642,0.0920101
672,700,0.0858748
672,711,0.0815373
263,246,0.223122
263,118,0.149814
263,495,0.135932
263,377,0.127191
263,705,0.1182
263,475,0.106844
263,353,0.106787
263,289,0.10385
263,284,0.0971636
263,264,0.0689574
267,722,0.241924
267,1161,0.227371
267,581,0.224948
267,658,0.146588
267,353,0.143635
267,361,0.141649
267,165,0.131397
267,720,0.106795
267,278,0.0894379
267,34,0.0881863
266,488,0.329972
266,148,0.132373
266,682,0.128571
266,738,0.09634
266,258,0.0903977
266,192,0.0768843
266,631,0.0757791
266,475,0.0754748
266,712,0.0658264
266,135,0.0600272
264,274,0.127476
264,253,0.122869
264,333,0.112895
264,362,0.112042
264,2330,0.0868771
264,18,0.0764876
264,51,0.0733891
264,359,0.0694966
264,263,0.0689574
264,3,0.0673823
59,1473,0.205313
59,259,0.179367
59,675,0.169489
59,85,0.148295
59,70,0.140455
59,23,0.140402
59,9,0.132342
59,3,0.117156
59,582,0.117024
59,702,0.109075
58,308,0.118599
58,338,0.111551
58,299,0.0992432
58,48,0.0791126
58,153,0.0723571
58,469,0.0693802
58,70,0.0613669
58,282,0.0550752
58,377,0.0518739
58,599,0.0459507
55,89,0.268387
55,471,0.17654
55,725,0.173233
55,493,0.15693
55,1485,0.117608
55,335,0.116939
55,43,0.105406
55,69,0.0787244
55,740,0.075064
55,148,0.0634326
54,75,0.208016
54,674,0.173489
54,277,0.118498
54,248,0.0801345
54,728,0.0779596
54,49,0.0728762
54,640,0.0701347
54,244,0.0674262
54,472,0.0662074
54,288,0.0621198
57,551,0.229735
57,244,0.148498
57,104,0.138829
57,44,0.108853
57,584,0.0941606
57,304,0.093005
57,88,0.0902937
57,583,0.0891307
57,700,0.0884749
57,281,0.0851865
56,46,0.0946256
56,86,0.0942327
56,556,0.0661266
56,32,0.0640973
56,295,0.0547493
56,69,0.0520774
56,501,0.0514726
56,76,0.0483677
56,45,0.0465497
56,83,0.0451291
51,18,0.128022
51,135,0.117074
51,101,0.108535
51,259,0.108216
51,69,0.101372
51,65,0.0825949
51,52,0.0814903
51,474,0.0740127
51,264,0.0733891
51,88,0.0696892
62,708,0.137666
62,2,0.0967799
62,706,0.0952249
62,86,0.0830204
62,1122,0.0754554
62,104,0.0752062
62,342,0.0748159
62,10,0.0723662
62,371,0.0662834
62,59,0.0653815
53,724,0.441
53,554,0.22158
53,98,0.168641
53,65,0.154249
53,553,0.0939618
53,559,0.0913082
53,317,0.0727405
53,73,0.0574568
53,658,0.0564582
53,296,0.0538156
52,70,0.111264
52,7,0.0941302
52,21,0.0912336
52,332,0.0875238
52,598,0.0829564
52,51,0.0814903
52,700,0.0770497
52,18,0.0763257
52,288,0.0753203
52,60,0.0708101
259,675,0.317015
259,85,0.269395
259,70,0.251522
259,582,0.21785
259,305,0.195703
259,59,0.179367
259,290,0.147372
259,603,0.138975
259,9,0.135237
259,298,0.126303
50,277,0.248881
50,7,0.179082
50,8,0.126959
50,38,0.118463
50,314,0.117767
50,472,0.105551
50,280,0.0957909
50,367,0.0795536
50,642,0.0777338
50,707,0.0754761
253,6,0.207351
253,246,0.148446
253,642,0.136346
253,264,0.122869
253,712,0.118024
253,155,0.0906646
253,255,0.0752524
253,2183,0.0722484
253,258,0.0522807
253,162,0.0508309
119,624,0.13143
119,658,0.124937
119,603,0.109404
119,306,0.108421
119,737,0.10117
119,380,0.0998047
119,303,0.0986164
119,39,0.0966974
119,720,0.0903844
119,153,0.085164
118,353,0.21412
118,263,0.149814
118,1161,0.0696021
118,264,0.0616625
118,274,0.056147
118,98,0.0538173
118,317,0.0502308
118,31,0.0497713
118,633,0.0493857
118,479,0.0477242
1398,494,0.126432
1398,2906,0.123944
1398,184,0.107326
1398,349,0.0813594
1398,327,0.0713467
1398,378,0.0667497
1398,588,0.0608246
1398,57,0.0595858
1398,729,0.0520022
1398,28,0.0503232
1397,375,0.208711
1397,731,0.193203
1397,242,0.150367
1397,27,0.132204
1397,658,0.114934
1397,295,0.114471
1397,302,0.111685
1397,499,0.107909
1397,42,0.105263
1397,165,0.100143
1396,503,0.231003
1396,738,0.220602
1396,302,0.205417
1396,663,0.179212
1396,1691,0.16517
1396,364,0.110364
1396,606,0.0823212
1396,348,0.0717172
1396,1161,0.0698518
1396,700,0.0655726
1394,78,0.209718
1394,333,0.115863
1394,581,0.107794
1394,606,0.0811107
1394,300,0.0808452
1394,724,0.0696074
1394,16,0.0640395
1394,727,0.0625305
1394,358,0.0616018
1394,301,0.0582736
308,299,0.267072
308,292,0.192806
308,717,0.127537
308,58,0.118599
308,77,0.115238
308,495,0.0999187
308,705,0.0964784
308,223,0.0873509
308,70,0.0852729
308,281,0.0772402
309,200,0.161079
309,485,0.119916
309,1975,0.111094
309,550,0.0954191
309,305,0.0934779
309,605,0.0918652
309,279,0.0857639
309,35,0.0817968
309,501,0.0728975
309,104,0.0728416
300,372,0.119116
300,482,0.107397
300,78,0.106651
300,735,0.10033
300,358,0.0986081
300,2330,0.084584
300,1394,0.0808452
300,556,0.0707683
300,1691,0.0699107
300,736,0.0687716
301,37,0.166751
301,333,0.132664
301,77,0.0924208
301,341,0.0833425
301,362,0.08317
301,267,0.0821832
301,365,0.0763463
301,354,0.0726274
301,1394,0.0582736
301,378,0.0518254
302,27,0.397156
302,499,0.258051
302,1396,0.205417
302,382,0.163219
302,738,0.14987
302,316,0.124459
302,663,0.121669
302,1120,0.113873
302,1397,0.111685
302,503,0.0889761
303,362,0.15984
303,119,0.0986164
303,606,0.0644716
303,621,0.0576341
303,73,0.0523533
303,315,0.0501271
303,313,0.0500359
303,354,0.0499668
303,2137,0.0495396
303,107,0.0473272
304,39,0.19258
304,583,0.0977426
304,370,0.0963253
304,57,0.093005
304,322,0.0887305
304,267,0.0728623
304,281,0.0726495
304,365,0.0704471
304,89,0.066848
304,633,0.053581
305,259,0.195703
305,34,0.182518
305,487,0.171251
305,603,0.152969
305,276,0.120984
305,83,0.10592
305,88,0.10139
305,717,0.0976942
305,500,0.0947782
305,309,0.0934779
306,83,0.137882
306,722,0.114322
306,737,0.11029
306,119,0.108421
306,340,0.0964649
306,1376,0.0903632
306,355,0.0834287
306,598,0.0833038
306,475,0.0803396
306,349,0.0786822
307,34,0.111726
307,335,0.0570955
307,368,0.0542372
307,555,0.0528479
307,306,0.0493187
307,31,0.042594
307,361,0.0425805
307,281,0.0420483
307,73,0.0414438
307,489,0.0401516
560,314,0.143218
560,38,0.0986337
560,604,0.0827001
560,41,0.0789101
560,672,0.0641136
560,605,0.0537108
560,322,0.053148
560,139,0.0493748
560,286,0.0491079
560,60,0.0409167
561,39,0.243745
561,90,0.192153
561,350,0.173728
561,102,0.115748
561,2345,0.110997
561,352,0.0999874
561,42,0.0889905
561,32,0.0844787
561,341,0.0819897
561,96,0.0818925
2183,2329,0.206077
2183,328,0.132036
2183,122,0.123458
2183,730,0.123429
2183,176,0.11383
2183,472,0.111965
2183,155,0.104208
2183,312,0.100104
2183,331,0.094827
2183,711,0.0904569
223,347,0.222211
223,13,0.19978
223,96,0.181042
223,248,0.171891
223,292,0.163202
223,345,0.148024
223,467,0.141227
223,737,0.122418
223,294,0.117645
223,281,0.110414
727,122,0.125376
727,707,0.108867
727,1975,0.0991418
727,601,0.088248
727,246,0.0845379
727,632,0.0799893
727,587,0.0778941
727,38,0.0760558
727,291,0.0745369
727,605,0.0744262
724,53,0.441
724,554,0.137534
724,680,0.131979
724,285,0.109956
724,215,0.0869349
724,98,0.0748028
724,1394,0.0696074
724,631,0.0692304
724,1120,0.0572878
724,317,0.0565906
725,55,0.173233
725,69,0.116628
725,349,0.100993
725,148,0.0978121
725,286,0.0826684
725,64,0.0818655
725,1376,0.0796163
725,602,0.0608392
725,176,0.0465976
725,632,0.0447561
722,1161,0.258684
722,267,0.241924
722,581,0.205996
722,353,0.195576
722,165,0.165624
722,361,0.156603
722,633,0.124513
722,306,0.114322
722,370,0.110032
722,83,0.100016
723,282,0.103644
723,49,0.0855616
723,373,0.044053
723,8,0.0437001
723,334,0.0418562
723,605,0.0361923
723,148,0.0354315
723,61,0.0333063
723,244,0.0332134
723,192,0.0331708
720,88,0.196384
720,2,0.158523
720,551,0.15221
720,472,0.148927
720,367,0.14854
720,717,0.140963
720,267,0.106795
720,47,0.0922184
720,119,0.0903844
720,341,0.0885674
721,331,0.137898
721,24,0.133074
721,500,0.0645492
721,42,0.0635185
721,3,0.0625434
721,706,0.0584348
721,1,0.058026
721,1160,0.0574192
721,326,0.0571818
721,703,0.0538086
1160,101,0.111963
1160,331,0.0774353
1160,24,0.0730195
1160,1889,0.0685128
1160,85,0.0665363
1160,587,0.0596562
1160,69,0.0575844
1160,721,0.0574192
1160,297,0.0453478
1160,380,0.0437097
728,70,0.200389
728,60,0.141412
728,21,0.126134
728,658,0.110827
728,288,0.1094
728,277,0.0926106
728,54,0.0779596
728,287,0.074955
728,468,0.0684937
728,1397,0.0672604
729,158,0.100412
729,491,0.0930358
729,502,0.0889743
729,1473,0.0837656
729,737,0.0817698
729,320,0.068195
729,73,0.0652824
729,586,0.0636549
729,272,0.0622027
729,280,0.0593692
605,1975,0.164455
605,1376,0.163332
605,155,0.159576
605,271,0.1003
605,286,0.0919964
605,309,0.0918652
605,479,0.0834595
605,32,0.0814753
605,139,0.074758
605,727,0.0744262
604,14,0.285525
604,471,0.187008
604,335,0.157928
604,719,0.0936187
604,287,0.0929535
604,560,0.0827001
604,288,0.0770159
604,552,0.0702784
604,680,0.0602115
604,286,0.0564771
153,599,0.167694
153,259,0.0978864
153,119,0.085164
153,720,0.0830771
153,2906,0.0764023
153,342,0.0729313
153,58,0.0723571
153,359,0.0658391
153,717,0.0628539
153,706,0.060155
152,256,0.284845
152,46,0.189844
152,96,0.14603
152,72,0.108528
152,25,0.103249
152,80,0.0958578
152,20,0.0941157
152,11,0.0935374
152,700,0.0874896
152,292,0.0873607
601,348,0.223182
601,382,0.203345
601,727,0.088248
601,6,0.0745865
601,254,0.0581904
601,339,0.0420136
601,2129,0.0409647
601,16,0.0402979
601,1376,0.04015
601,496,0.0399831
600,279,0.310045
600,189,0.262286
600,501,0.259691
600,485,0.191138
600,96,0.146193
600,1162,0.0766409
600,248,0.0622206
600,223,0.0604176
600,25,0.0562987
600,467,0.0542839
603,310,0.241779
603,305,0.152969
603,675,0.142348
603,259,0.138975
603,717,0.13028
603,607,0.13016
603,380,0.119541
603,119,0.109404
603,223,0.106379
603,1119,0.0998781
602,698,0.2708
602,176,0.186827
602,6,0.148344
602,349,0.134207
602,1376,0.117935
602,719,0.104626
602,554,0.0946319
602,244,0.0933043
602,674,0.0837597
602,288,0.0819932
158,59,0.106638
158,729,0.100412
158,96,0.0992879
158,502,0.0959823
158,706,0.0907653
158,294,0.084724
158,467,0.0702425
158,292,0.0658429
158,623,0.0598468
158,15,0.0533253
1894,714,0.214447
1894,48,0.112576
1894,351,0.104622
1894,345,0.0833934
1894,41,0.0765834
1894,334,0.0649486
1894,674,0.0611629
1894,59,0.0567184
1894,632,0.0536292
1894,731,0.0520458
2136,323,0.121922
2136,599,0.0871283
2136,311,0.0498882
2136,125,0.0480921
2136,498,0.0457013
2136,248,0.0407962
2136,676,0.0400123
2136,358,0.0399825
2136,663,0.0342505
2136,314,0.0292944
2137,320,0.125705
2137,2330,0.102286
2137,368,0.0811006
2137,1975,0.073197
2137,1474,0.0659198
2137,286,0.0597339
2137,482,0.0584428
2137,555,0.0514521
2137,605,0.0513368
2137,1376,0.0513158
48,1161,0.113093
48,1894,0.112576
48,486,0.102878
48,288,0.0996156
48,11,0.097082
48,703,0.0840984
48,58,0.0791126
48,181,0.070033
48,49,0.066802
48,18,0.0583123
49,283,0.253413
49,75,0.175736
49,278,0.172086
49,472,0.146152
49,332,0.132076
49,486,0.130032
49,288,0.124764
49,64,0.123575
49,38,0.121246
49,25,0.0967406
46,80,0.340437
46,700,0.212607
46,20,0.200331
46,152,0.189844
46,11,0.184972
46,102,0.147172
46,72,0.128179
46,180,0.127961
46,90,0.12457
46,56,0.0946256
47,67,0.263945
47,40,0.168929
47,2,0.141148
47,551,0.12748
47,44,0.121654
47,244,0.111406
47,135,0.0971738
47,720,0.0922184
47,584,0.0904557
47,363,0.0879412
44,8,0.235467
44,244,0.193041
44,184,0.189407
44,363,0.123762
44,47,0.121654
44,57,0.108853
44,551,0.0971797
44,28,0.0930128
44,375,0.0816392
44,556,0.0811293
45,2026,0.249448
45,96,0.219306
45,703,0.190402
45,292,0.174074
45,294,0.158191
45,331,0.10176
45,467,0.100818
45,351,0.0811299
45,722,0.0703111
45,2129,0.0679999
42,708,0.170364
42,376,0.113428
42,65,0.105957
42,1397,0.105263
42,79,0.103212
42,2007,0.098931
42,561,0.0889905
42,242,0.0780343
42,658,0.0705538
42,487,0.0694415
43,556,0.226511
43,2330,0.108575
43,665,0.10572
43,55,0.105406
43,337,0.0972814
43,358,0.0762831
43,727,0.0674993
43,300,0.0625705
43,359,0.0597242
43,352,0.0585693
40,47,0.168929
40,471,0.123229
40,67,0.112575
40,363,0.109883
40,358,0.0981947
40,359,0.0818324
40,587,0.0725134
40,584,0.069681
40,365,0.0597836
40,641,0.0490112
41,334,0.125707
41,166,0.113562
41,322,0.0810357
41,314,0.0808945
41,560,0.0789101
41,1894,0.0765834
41,189,0.0746442
41,682,0.0686692
41,351,0.0617463
41,323,0.0609069
471,14,0.259011
471,335,0.193822
471,604,0.187008
471,55,0.17654
471,89,0.162688
471,40,0.123229
471,274,0.0923579
471,493,0.0905356
471,365,0.0760536
471,68,0.0560803
5,90,0.118622
5,49,0.0937538
5,1691,0.0878002
5,348,0.0736065
5,96,0.0608006
5,79,0.051647
5,55,0.049994
5,361,0.0477571
5,162,0.0472579
5,278,0.0446468
1117,21,0.428089
1117,20,0.129182
1117,340,0.0977114
1117,650,0.095097
1117,1474,0.0924549
1117,351,0.0744452
1117,722,0.0692341
1117,30,0.0482238
1117,485,0.046279
1117,658,0.0438085
1116,589,0.0754368
1116,102,0.0607309
1116,730,0.0606054
1116,1889,0.0534616
1116,369,0.0412606
1116,556,0.0390808
1116,738,0.0373715
1116,275,0.033318
1116,6,0.0308021
1116,483,0.0247043
1119,258,0.13982
1119,18,0.119162
1119,603,0.0998781
1119,310,0.093506
1119,275,0.0908014
1119,487,0.0822995
1119,335,0.0748615
1119,354,0.0582655
1119,152,0.0574397
1119,1485,0.0533746
1118,474,0.117306
1118,469,0.108773
1118,20,0.0981021
1118,658,0.0874678
1118,6,0.066985
1118,107,0.0602025
1118,338,0.0581701
1118,92,0.0574951
1118,599,0.0572391
1118,180,0.0533931
489,651,0.150526
489,1120,0.126599
489,76,0.12081
489,470,0.11897
489,335,0.0900922
489,361,0.0782987
489,486,0.0664888
489,34,0.0638025
489,281,0.0636408
489,248,0.0626009
488,266,0.329972
488,135,0.140766
488,366,0.0895993
488,700,0.0838806
488,356,0.0787256
488,486,0.0772233
488,492,0.0760241
488,18,0.0749685
488,586,0.0636072
488,501,0.0624476
487,337,0.364334
487,83,0.241894
487,598,0.216683
487,305,0.171251
487,500,0.157138
487,355,0.145943
487,286,0.105034
487,502,0.0927668
487,603,0.09172
487,1119,0.0822995
486,75,0.159315
486,374,0.149386
486,64,0.146685
486,49,0.130032
486,77,0.105307
486,48,0.102878
486,6,0.10094
486,288,0.0947557
486,25,0.089733
486,674,0.0851551
485,200,0.248408
485,559,0.195798
485,600,0.191138
485,501,0.174365
485,279,0.144097
485,309,0.119916
485,189,0.0876237
485,701,0.0741612
485,96,0.0707512
485,603,0.0699955
483,343,0.281197
483,276,0.11225
483,331,0.109809
483,275,0.102087
483,472,0.0876684
483,96,0.0786722
483,72,0.0749522
483,313,0.0728808
483,322,0.072648
483,318,0.0717949
482,695,0.135675
482,300,0.107397
482,345,0.102
482,493,0.0970628
482,735,0.0915881
482,737,0.0794914
482,311,0.0786094
482,358,0.0720132
482,1691,0.0706923
482,52,0.0706037
481,342,0.133527
481,1122,0.0631995
481,697,0.0605714
481,663,0.0556431
481,623,0.0555383
481,86,0.0526421
481,324,0.0434636
481,346,0.0339584
481,1,0.021706
481,25,0.0203392
480,76,0.153479
480,607,0.117619
480,181,0.102725
480,84,0.0863143
480,311,0.0814827
480,367,0.0714643
480,68,0.0555833
480,331,0.0537426
480,356,0.0520527
480,1396,0.0492211
472,331,0.353112
472,318,0.344962
472,64,0.3245
472,176,0.316584
472,332,0.286825
472,122,0.277069
472,314,0.273774
472,374,0.245987
472,682,0.241896
472,38,0.236587
473,352,0.136055
473,367,0.0802282
473,381,0.0685999
473,2345,0.0672356
473,300,0.0531635
473,13,0.0492805
473,482,0.0485314
473,735,0.0481716
473,372,0.0470988
473,736,0.0466157
470,651,0.631734
470,489,0.11897
470,73,0.0957809
470,298,0.071611
470,475,0.0634771
470,34,0.0491558
470,2137,0.0436347
470,296,0.0420475
470,276,0.041207
470,56,0.0410761
2001,713,0.169706
2001,705,0.100929
2001,490,0.0928825
2001,1691,0.0815454
2001,503,0.073216
2001,367,0.0728786
2001,468,0.0641765
2001,10,0.0635968
2001,2330,0.0608665
2001,84,0.0595899
476,680,0.337675
476,1162,0.140279
476,27,0.116174
476,302,0.0790415
476,317,0.0733425
476,556,0.0732077
476,641,0.0715097
476,499,0.0712527
476,1485,0.0638928
476,679,0.0612794
2007,80,0.308392
2007,72,0.154978
2007,468,0.144713
2007,42,0.098931
2007,561,0.0715926
2007,46,0.0677425
2007,623,0.0668349
2007,1691,0.058839
2007,119,0.0504626
2007,2001,0.0468723
474,21,0.24212
474,18,0.17135
474,1118,0.117306
474,291,0.0855226
474,294,0.0783395
474,51,0.0740127
474,264,0.0635027
474,155,0.0613303
474,52,0.0599417
474,66,0.0524099
475,624,0.303677
475,313,0.238571
475,621,0.172829
475,491,0.117353
475,738,0.108498
475,263,0.106844
475,150,0.0956557
475,306,0.0803396
475,78,0.0798282
475,1691,0.0798228
478,82,0.497684
478,504,0.392478
478,740,0.204956
478,16,0.0545179
478,28,0.034255
478,20,0.0294697
478,357,0.0267381
478,89,0.026327
478,702,0.0247147
478,77,0.0231707
479,9,0.292387
479,272,0.132924
479,503,0.129219
479,1889,0.113825
479,640,0.102675
479,605,0.0834595
479,468,0.0755605
479,633,0.0719736
479,490,0.0630116
479,320,0.0628806
